        0.000000000000000        1.000000000000000
       20.000000000000000        0.908517575651687
       40.000000000000000        0.825404185268018
       60.000000000000000        0.749894209332456
       80.000000000000000        0.681292069057961
      100.000000000000000        0.618965818891261
      120.000000000000000        0.562341325190349
      140.000000000000000        0.510896977450693
      160.000000000000000        0.464158883361278
      180.000000000000000        0.421696503428582
      200.000000000000000        0.383118684955729
      220.000000000000000        0.348070058842841
      240.000000000000000        0.316227766016838
      260.000000000000000        0.287298483335367
      280.000000000000000        0.261015721568254
      300.000000000000000        0.237137370566166
      320.000000000000000        0.215443469003188
      340.000000000000000        0.195734178148766
      360.000000000000000        0.177827941003892
      380.000000000000000        0.161559809843987
      400.000000000000000        0.146779926762207
      420.000000000000000        0.133352143216332
      440.000000000000000        0.121152765862859
      460.000000000000000        0.110069417125221
      480.000000000000000        0.100000000000000
      500.000000000000000        0.090851757565169
      520.000000000000000        0.082540418526802
      540.000000000000000        0.074989420933246
      560.000000000000000        0.068129206905796
      580.000000000000000        0.061896581889126
      600.000000000000000        0.056234132519035
      620.000000000000000        0.051089697745069
      640.000000000000000        0.046415888336128
      660.000000000000000        0.042169650342858
      680.000000000000000        0.038311868495573
      700.000000000000000        0.034807005884284
      720.000000000000000        0.031622776601684
      740.000000000000000        0.028729848333537
      760.000000000000000        0.026101572156825
      780.000000000000000        0.023713737056617
      800.000000000000000        0.021544346900319
      820.000000000000000        0.019573417814877
      840.000000000000000        0.017782794100389
      860.000000000000000        0.016155980984399
      880.000000000000000        0.014677992676221
      900.000000000000000        0.013335214321633
      920.000000000000000        0.012115276586286
      940.000000000000000        0.011006941712522
      960.000000000000000        0.010000000000000
      980.000000000000000        0.009085175756517
     1000.000000000000000        0.008254041852680
     1020.000000000000000        0.007498942093325
     1040.000000000000000        0.006812920690580
     1060.000000000000000        0.006189658188913
     1080.000000000000000        0.005623413251903
     1100.000000000000000        0.005108969774507
     1120.000000000000000        0.004641588833613
     1140.000000000000000        0.004216965034286
     1160.000000000000000        0.003831186849557
     1180.000000000000000        0.003480700588428
     1200.000000000000000        0.003162277660168
     1220.000000000000000        0.002872984833354
     1240.000000000000000        0.002610157215683
     1260.000000000000000        0.002371373705662
     1280.000000000000000        0.002154434690032
     1300.000000000000000        0.001957341781488
     1320.000000000000000        0.001778279410039
     1340.000000000000000        0.001615598098440
     1360.000000000000000        0.001467799267622
     1380.000000000000000        0.001333521432163
     1400.000000000000000        0.001211527658629
     1420.000000000000000        0.001100694171252
     1440.000000000000000        0.001000000000000
     1460.000000000000000        0.000908517575652
     1480.000000000000000        0.000825404185268
     1500.000000000000000        0.000749894209332
     1520.000000000000000        0.000681292069058
     1540.000000000000000        0.000618965818891
     1560.000000000000000        0.000562341325190
     1580.000000000000000        0.000510896977451
     1600.000000000000000        0.000464158883361
     1620.000000000000000        0.000421696503429
     1640.000000000000000        0.000383118684956
     1660.000000000000000        0.000348070058843
     1680.000000000000000        0.000316227766017
     1700.000000000000000        0.000287298483335
     1720.000000000000000        0.000261015721568
     1740.000000000000000        0.000237137370566
     1760.000000000000000        0.000215443469003
     1780.000000000000000        0.000195734178149
     1800.000000000000000        0.000177827941004
     1820.000000000000000        0.000161559809844
     1840.000000000000000        0.000146779926762
     1860.000000000000000        0.000133352143216
     1880.000000000000000        0.000121152765863
     1900.000000000000000        0.000110069417125
     1920.000000000000000        0.000100000000000
     1940.000000000000000        0.000090851757565
     1960.000000000000000        0.000082540418527
     1980.000000000000000        0.000074989420933
     2000.000000000000000        0.000068129206906
     2020.000000000000000        0.000061896581889
     2040.000000000000000        0.000056234132519
     2060.000000000000000        0.000051089697745
     2080.000000000000000        0.000046415888336
     2100.000000000000000        0.000042169650343
     2120.000000000000000        0.000038311868496
     2140.000000000000000        0.000034807005884
     2160.000000000000000        0.000031622776602
     2180.000000000000000        0.000028729848334
     2200.000000000000000        0.000026101572157
     2220.000000000000000        0.000023713737057
     2240.000000000000000        0.000021544346900
     2260.000000000000000        0.000019573417815
     2280.000000000000000        0.000017782794100
     2300.000000000000000        0.000016155980984
     2320.000000000000000        0.000014677992676
     2340.000000000000000        0.000013335214322
     2360.000000000000000        0.000012115276586
     2380.000000000000000        0.000011006941713
     2400.000000000000000        0.000010000000000
     2420.000000000000000        0.000009085175757
     2440.000000000000000        0.000008254041853
     2460.000000000000000        0.000007498942093
     2480.000000000000000        0.000006812920691
     2500.000000000000000        0.000006189658189
     2520.000000000000000        0.000005623413252
     2540.000000000000000        0.000005108969775
     2560.000000000000000        0.000004641588834
     2580.000000000000000        0.000004216965034
     2600.000000000000000        0.000003831186850
     2620.000000000000000        0.000003480700588
     2640.000000000000000        0.000003162277660
     2660.000000000000000        0.000002872984833
     2680.000000000000000        0.000002610157216
     2700.000000000000000        0.000002371373706
     2720.000000000000000        0.000002154434690
     2740.000000000000000        0.000001957341781
     2760.000000000000000        0.000001778279410
     2780.000000000000000        0.000001615598098
     2800.000000000000000        0.000001467799268
     2820.000000000000000        0.000001333521432
     2840.000000000000000        0.000001211527659
     2860.000000000000000        0.000001100694171
     2880.000000000000000        0.000001000000000
     2900.000000000000000        0.000000908517576
     2920.000000000000000        0.000000825404185
     2940.000000000000000        0.000000749894209
     2960.000000000000000        0.000000681292069
     2980.000000000000000        0.000000618965819
     3000.000000000000000        0.000000562341325
     3020.000000000000000        0.000000510896977
     3040.000000000000000        0.000000464158883
     3060.000000000000000        0.000000421696503
     3080.000000000000000        0.000000383118685
     3100.000000000000000        0.000000348070059
     3120.000000000000000        0.000000316227766
     3140.000000000000000        0.000000287298483
     3160.000000000000000        0.000000261015722
     3180.000000000000000        0.000000237137371
     3200.000000000000000        0.000000215443469
     3220.000000000000000        0.000000195734178
     3240.000000000000000        0.000000177827941
     3260.000000000000000        0.000000161559810
     3280.000000000000000        0.000000146779927
     3300.000000000000000        0.000000133352143
     3320.000000000000000        0.000000121152766
     3340.000000000000000        0.000000110069417
     3360.000000000000000        0.000000100000000
     3380.000000000000000        0.000000090851758
     3400.000000000000000        0.000000082540419
     3420.000000000000000        0.000000074989421
     3440.000000000000000        0.000000068129207
     3460.000000000000000        0.000000061896582
     3480.000000000000000        0.000000056234133
     3500.000000000000000        0.000000051089698
     3520.000000000000000        0.000000046415888
     3540.000000000000000        0.000000042169650
     3560.000000000000000        0.000000038311868
     3580.000000000000000        0.000000034807006
     3600.000000000000000        0.000000031622777
     3620.000000000000000        0.000000028729848
     3640.000000000000000        0.000000026101572
     3660.000000000000000        0.000000023713737
     3680.000000000000000        0.000000021544347
     3700.000000000000000        0.000000019573418
     3720.000000000000000        0.000000017782794
     3740.000000000000000        0.000000016155981
     3760.000000000000000        0.000000014677993
     3780.000000000000000        0.000000013335214
     3800.000000000000000        0.000000012115277
     3820.000000000000000        0.000000011006942
     3840.000000000000000        0.000000010000000
     3860.000000000000000        0.000000009085176
     3880.000000000000000        0.000000008254042
     3900.000000000000000        0.000000007498942
     3920.000000000000000        0.000000006812921
     3940.000000000000000        0.000000006189658
     3960.000000000000000        0.000000005623413
     3980.000000000000000        0.000000005108970
     4000.000000000000000        0.000000004641589
     4020.000000000000000        0.000000004216965
     4040.000000000000000        0.000000003831187
     4060.000000000000000        0.000000003480701
     4080.000000000000000        0.000000003162278
     4100.000000000000000        0.000000002872985
     4120.000000000000000        0.000000002610157
     4140.000000000000000        0.000000002371374
     4160.000000000000000        0.000000002154435
     4180.000000000000000        0.000000001957342
     4200.000000000000000        0.000000001778279
     4220.000000000000000        0.000000001615598
     4240.000000000000000        0.000000001467799
     4260.000000000000000        0.000000001333521
     4280.000000000000000        0.000000001211528
     4300.000000000000000        0.000000001100694
     4320.000000000000000        0.000000001000000
     4340.000000000000000        0.000000000908518
     4360.000000000000000        0.000000000825404
     4380.000000000000000        0.000000000749894
     4400.000000000000000        0.000000000681292
     4420.000000000000000        0.000000000618966
     4440.000000000000000        0.000000000562341
     4460.000000000000000        0.000000000510897
     4480.000000000000000        0.000000000464159
     4500.000000000000000        0.000000000421697
     4520.000000000000000        0.000000000383119
     4540.000000000000000        0.000000000348070
     4560.000000000000000        0.000000000316228
     4580.000000000000000        0.000000000287298
     4600.000000000000000        0.000000000261016
     4620.000000000000000        0.000000000237137
     4640.000000000000000        0.000000000215443
     4660.000000000000000        0.000000000195734
     4680.000000000000000        0.000000000177828
     4700.000000000000000        0.000000000161560
     4720.000000000000000        0.000000000146780
     4740.000000000000000        0.000000000133352
     4760.000000000000000        0.000000000121153
     4780.000000000000000        0.000000000110069
     4800.000000000000000        0.000000000100000
     4820.000000000000000        0.000000000090852
     4840.000000000000000        0.000000000082540
     4860.000000000000000        0.000000000074989
     4880.000000000000000        0.000000000068129
     4900.000000000000000        0.000000000061897
     4920.000000000000000        0.000000000056234
     4940.000000000000000        0.000000000051090
     4960.000000000000000        0.000000000046416
     4980.000000000000000        0.000000000042170
     5000.000000000000000        0.000000000038312
     5020.000000000000000        0.000000000034807
     5040.000000000000000        0.000000000031623
     5060.000000000000000        0.000000000028730
     5080.000000000000000        0.000000000026102
     5100.000000000000000        0.000000000023714
     5120.000000000000000        0.000000000021544
     5140.000000000000000        0.000000000019573
     5160.000000000000000        0.000000000017783
     5180.000000000000000        0.000000000016156
     5200.000000000000000        0.000000000014678
     5220.000000000000000        0.000000000013335
     5240.000000000000000        0.000000000012115
     5260.000000000000000        0.000000000011007
     5280.000000000000000        0.000000000010000
     5300.000000000000000        0.000000000009085
     5320.000000000000000        0.000000000008254
     5340.000000000000000        0.000000000007499
     5360.000000000000000        0.000000000006813
     5380.000000000000000        0.000000000006190
     5400.000000000000000        0.000000000005623
     5420.000000000000000        0.000000000005109
     5440.000000000000000        0.000000000004642
     5460.000000000000000        0.000000000004217
     5480.000000000000000        0.000000000003831
     5500.000000000000000        0.000000000003481
     5520.000000000000000        0.000000000003162
     5540.000000000000000        0.000000000002873
     5560.000000000000000        0.000000000002610
     5580.000000000000000        0.000000000002371
     5600.000000000000000        0.000000000002154
     5620.000000000000000        0.000000000001957
     5640.000000000000000        0.000000000001778
     5660.000000000000000        0.000000000001616
     5680.000000000000000        0.000000000001468
     5700.000000000000000        0.000000000001334
     5720.000000000000000        0.000000000001212
     5740.000000000000000        0.000000000001101
     5760.000000000000000        0.000000000001000
     5780.000000000000000        0.000000000000909
